              precision    recall  f1-score   support

    airplane     0.8829    0.8290    0.8551      1000
  automobile     0.9001    0.9370    0.9182      1000
        bird     0.8051    0.7560    0.7798      1000
         cat     0.8069    0.5850    0.6783      1000
        deer     0.7753    0.8350    0.8040      1000
         dog     0.8714    0.6440    0.7407      1000
        frog     0.6932    0.9490    0.8012      1000
       horse     0.8489    0.8820    0.8651      1000
        ship     0.8865    0.9290    0.9072      1000
       truck     0.8478    0.9190    0.8820      1000

    accuracy                         0.8265     10000
   macro avg     0.8318    0.8265    0.8231     10000
weighted avg     0.8318    0.8265    0.8231     10000
